image_width: 1280
image_height: 800
camera_name: narrow_stereo
camera_matrix:
  rows: 3
  cols: 3
  data: [409.215457, 0.000000, 633.353039, 0.000000, 408.963051, 395.690033, 0.000000, 0.000000, 1.000000]
distortion_model: plumb_bob
distortion_coefficients:
  rows: 1
  cols: 5
  data: [0.001771, -0.000212, 0.000889, -0.001550, 0.000000]
rectification_matrix:
  rows: 3
  cols: 3
  data: [1.000000, 0.000000, 0.000000, 0.000000, 1.000000, 0.000000, 0.000000, 0.000000, 1.000000]
projection_matrix:
  rows: 3
  cols: 4
  data: [411.275635, 0.000000, 628.161918, 0.000000, 0.000000, 412.358002, 397.564059, 0.000000, 0.000000, 0.000000, 1.000000, 0.000000]
